../../../.git/annex/objects/P0/X8/MD5E-s100927--4837482caf9bb46c98504422230d0721.tsv/MD5E-s100927--4837482caf9bb46c98504422230d0721.tsv